      0/99     1.91G       3.4      1.75         0      5.14        46       416     0.565     0.338     0.349     0.423      3.12      1.36         0
      1/99     2.62G      2.66      1.04         0       3.7        44       416     0.627     0.414     0.434     0.499      2.87      1.26         0
      2/99     2.62G      2.46     0.922         0      3.38        62       416     0.649     0.426     0.446     0.514      2.78      1.24         0
      3/99     2.62G      2.22      0.73         0      2.95        52       416     0.773     0.368     0.455     0.499      2.68     0.829         0
      4/99     2.62G      2.14     0.717         0      2.86        53       416     0.779     0.384     0.468     0.515      2.64     0.833         0
      5/99     2.62G      2.08     0.697         0      2.78        53       416     0.774     0.393     0.485     0.521      2.61     0.822         0
      6/99     2.62G      2.04     0.683         0      2.73        56       416     0.806     0.395      0.49      0.53       2.6     0.869         0
      7/99     2.62G         2     0.674         0      2.68        56       416      0.77     0.399     0.481     0.525      2.65     0.814         0
      8/99     2.62G      1.98     0.666         0      2.65        57       416     0.841     0.381     0.497     0.525      2.59     0.875         0
      9/99     2.62G      1.95      0.66         0      2.61        61       416     0.757     0.411     0.475     0.533      2.61     0.835         0
     10/99     2.62G      1.93     0.656         0      2.58        51       416     0.819     0.405     0.493     0.542      2.59     0.875         0
     11/99     2.62G       1.9     0.648         0      2.55        55       416     0.825       0.4     0.503     0.539      2.52     0.864         0
     12/99     2.62G      1.88     0.641         0      2.52        51       416     0.794     0.405     0.481     0.536      2.56     0.857         0
     13/99     2.62G      1.86     0.637         0       2.5        64       416     0.793     0.407     0.489     0.538      2.61     0.862         0
     14/99     2.62G      1.86     0.627         0      2.49        53       416     0.827     0.391     0.494     0.531      2.58     0.892         0
     15/99     2.62G      1.83     0.627         0      2.46        43       416     0.785     0.417     0.492     0.544      2.58     0.829         0
     16/99     2.62G      1.82     0.624         0      2.44        59       416     0.825     0.393     0.493     0.533      2.52     0.869         0
     17/99     2.62G      1.81     0.615         0      2.42        47       416     0.795     0.419     0.504     0.549      2.54     0.842         0
     18/99     2.62G      1.79     0.614         0       2.4        71       416     0.729     0.417     0.473     0.531      2.54     0.858         0
     19/99     2.62G      1.79     0.611         0       2.4        59       416      0.79     0.419     0.484     0.548      2.54     0.898         0
     20/99     2.62G      1.78      0.61         0      2.39        60       416     0.817     0.415     0.497      0.55      2.54     0.923         0
     21/99     2.62G      1.76     0.607         0      2.36        58       416     0.798     0.414     0.484     0.545       2.6     0.934         0
     22/99     2.62G      1.75     0.599         0      2.35        58       416     0.814     0.412     0.504     0.547      2.53     0.857         0
     23/99     2.62G      1.73       0.6         0      2.33        51       416     0.811     0.403     0.487     0.539      2.56     0.889         0
     24/99     2.62G      1.73     0.594         0      2.32        44       416     0.787      0.42     0.493     0.547      2.56     0.879         0
     25/99     2.62G      1.72     0.594         0      2.31        63       416     0.829     0.407     0.495     0.546      2.54     0.885         0
     26/99     2.62G      1.71     0.589         0       2.3        66       416     0.822     0.428     0.509     0.563       2.5     0.852         0
     27/99     2.62G       1.7      0.59         0      2.29        54       416     0.765     0.417     0.487      0.54      2.54     0.846         0
     28/99     2.62G       1.7     0.585         0      2.28        46       416     0.795     0.419     0.486     0.549      2.54     0.885         0
     29/99     2.62G      1.69     0.582         0      2.27        54       416     0.788      0.43       0.5     0.556      2.51     0.844         0
     30/99     2.62G      1.68     0.578         0      2.26        53       416     0.794     0.437     0.512     0.564       2.5      0.82         0
     31/99     2.62G      1.68     0.583         0      2.26        45       416     0.826     0.418     0.503     0.555       2.5      0.89         0
     32/99     2.62G      1.66     0.576         0      2.24        50       416      0.79     0.405     0.475     0.535      2.55     0.857         0
     33/99     2.62G      1.66     0.573         0      2.23        42       416     0.822     0.417     0.499     0.554       2.5     0.864         0
     34/99     2.62G      1.65     0.571         0      2.22        56       416     0.812     0.425     0.504     0.558      2.45     0.881         0
     35/99     2.62G      1.64      0.57         0      2.21        68       416     0.834      0.43     0.512     0.568      2.51     0.894         0
     36/99     2.62G      1.63     0.566         0      2.19        39       416     0.833     0.427      0.51     0.565      2.52     0.874         0
     37/99     2.62G      1.63     0.571         0       2.2        50       416     0.794     0.415     0.482     0.545      2.57     0.866         0
     38/99     2.62G      1.61     0.558         0      2.17        61       416     0.789     0.421     0.495     0.549      2.54     0.864         0
     39/99     2.62G      1.62     0.558         0      2.17        41       416     0.812     0.422     0.491     0.556      2.52     0.881         0
     40/99     2.62G      1.61     0.559         0      2.17        46       416     0.799     0.404     0.486     0.537      2.56     0.846         0
     41/99     2.62G       1.6     0.558         0      2.16        62       416     0.833     0.419     0.504     0.557      2.58     0.859         0
     42/99     2.62G       1.6     0.557         0      2.16        59       416     0.834     0.414     0.504     0.554      2.52     0.887         0
     43/99     2.62G      1.59     0.557         0      2.15        51       416     0.824     0.425      0.51     0.561       2.5     0.874         0
     44/99     2.62G      1.58     0.554         0      2.14        61       416     0.841     0.409     0.504      0.55      2.52     0.922         0
     45/99     2.62G      1.58     0.548         0      2.12        48       416     0.787     0.425     0.499     0.552      2.52     0.842         0
     46/99     2.62G      1.57     0.545         0      2.12        63       416     0.825     0.421     0.499     0.558       2.5     0.939         0
     47/99     2.62G      1.56     0.544         0      2.11        57       416     0.833      0.42     0.501     0.558      2.53     0.879         0
     48/99     2.62G      1.56     0.548         0       2.1        44       416     0.849     0.413     0.498     0.556       2.5     0.909         0
     49/99     2.62G      1.55      0.54         0      2.09        63       416     0.867     0.409      0.49     0.556       2.6     0.943         0
     50/99     2.62G      1.54     0.534         0      2.07        69       416     0.856     0.392     0.489     0.538      2.58     0.902         0
     51/99     2.62G      1.54     0.534         0      2.07        60       416     0.811     0.417     0.493     0.551      2.54     0.893         0
     52/99     2.62G      1.53     0.534         0      2.06        39       416     0.817     0.414     0.488      0.55      2.56     0.898         0
     53/99     2.62G      1.52     0.533         0      2.05        62       416     0.802     0.418      0.49      0.55      2.48     0.887         0
     54/99     2.62G      1.52     0.529         0      2.04        48       416     0.836     0.421     0.493      0.56      2.52     0.896         0
     55/99     2.62G       1.5     0.524         0      2.03        59       416     0.789     0.448     0.521     0.572      2.43     0.859         0
     56/99     2.62G       1.5      0.53         0      2.03        58       416     0.808      0.41     0.489     0.544       2.5     0.889         0
     57/99     2.62G       1.5     0.521         0      2.02        59       416     0.818     0.429     0.502     0.562      2.49     0.868         0
     58/99     2.62G      1.48     0.525         0      2.01        42       416     0.829     0.424     0.497     0.561      2.57     0.934         0
     59/99     2.62G      1.48     0.516         0         2        46       416      0.81     0.418     0.492     0.552      2.48     0.912         0
     60/99     2.62G      1.48     0.517         0      1.99        49       416     0.826     0.426     0.503     0.562      2.49     0.882         0
     61/99     2.62G      1.47     0.513         0      1.98        64       416     0.827     0.423     0.502     0.559      2.48     0.899         0
     62/99     2.62G      1.46     0.512         0      1.97        51       416     0.828     0.428     0.507     0.564      2.48     0.909         0
     63/99     2.62G      1.45     0.507         0      1.96        69       416     0.841      0.42     0.496      0.56       2.5     0.909         0
     64/99     2.62G      1.44     0.503         0      1.95        46       416     0.848     0.403     0.478     0.547      2.55     0.937         0
     65/99     2.62G      1.44     0.505         0      1.95        51       416     0.819     0.433      0.51     0.567      2.48     0.887         0
     66/99     2.62G      1.43     0.499         0      1.93        42       416     0.842     0.415     0.499     0.556      2.53     0.923         0
     67/99     2.62G      1.43     0.498         0      1.93        47       416     0.833     0.426     0.501     0.563       2.5     0.919         0
     68/99     2.62G      1.43     0.495         0      1.92        55       416     0.836     0.425     0.498     0.563      2.48      0.93         0
     69/99     2.62G      1.41     0.494         0       1.9        59       416     0.831     0.434     0.511     0.571      2.49     0.911         0
     70/99     2.62G      1.41     0.495         0       1.9        34       416     0.852     0.434     0.513     0.575      2.48     0.915         0
     71/99     2.62G       1.4     0.491         0      1.89        44       416     0.826     0.433     0.506     0.568      2.49     0.918         0
     72/99     2.62G      1.39     0.491         0      1.88        67       416     0.827     0.426     0.505     0.563      2.47     0.901         0
     73/99     2.62G      1.39     0.487         0      1.88        60       416     0.831     0.424     0.496     0.562       2.5     0.914         0
     74/99     2.62G      1.38     0.486         0      1.87        51       416     0.828     0.425     0.508     0.562      2.49     0.925         0
     75/99     2.62G      1.37     0.485         0      1.85        70       416     0.831     0.423     0.491     0.561      2.52     0.936         0
     76/99     2.62G      1.36      0.48         0      1.84        63       416     0.837     0.435     0.502     0.573      2.49     0.945         0
     77/99     2.62G      1.36     0.474         0      1.84        56       416      0.84     0.433     0.506     0.572      2.49     0.949         0
     78/99     2.62G      1.35     0.474         0      1.83        35       416     0.841     0.431     0.507      0.57      2.49     0.949         0
     79/99     2.62G      1.35     0.477         0      1.82        78       416     0.831     0.431     0.503     0.567      2.49     0.919         0
     80/99     2.62G      1.35     0.477         0      1.82        50       416     0.829     0.437      0.51     0.572      2.45     0.908         0
     81/99     2.62G      1.34      0.47         0      1.81        57       416     0.829     0.448     0.514     0.581      2.47     0.927         0
     82/99     2.62G      1.34     0.469         0      1.81        47       416     0.833      0.44     0.513     0.576      2.49     0.923         0
     83/99     2.62G      1.33     0.467         0      1.79        50       416     0.826     0.437     0.505     0.572      2.48     0.948         0
     84/99     2.62G      1.32      0.46         0      1.78        62       416     0.834     0.442     0.512     0.577      2.47     0.933         0
     85/99     2.62G      1.32     0.466         0      1.78        50       416     0.829     0.439     0.511     0.574      2.45     0.937         0
     86/99     2.62G      1.31     0.463         0      1.78        61       416     0.826     0.445     0.512     0.578      2.45     0.929         0
     87/99     2.62G      1.31     0.467         0      1.78        60       416     0.832     0.439     0.505     0.575      2.48     0.928         0
     88/99     2.62G      1.31     0.462         0      1.77        51       416     0.829     0.442     0.514     0.577      2.47     0.934         0
     89/99     2.62G      1.29      0.46         0      1.76        53       416     0.827     0.444     0.512     0.577      2.47     0.926         0
     90/99     2.62G      1.29     0.461         0      1.76        57       416     0.825     0.447     0.514      0.58      2.46     0.925         0
     91/99     2.62G      1.29     0.457         0      1.75        47       416     0.828     0.438     0.506     0.573      2.47      0.94         0
     92/99     2.62G      1.29     0.455         0      1.75        41       416      0.83      0.44     0.509     0.575      2.47     0.934         0
     93/99     2.62G       1.3      0.46         0      1.76        58       416     0.833     0.443     0.507     0.578      2.48     0.931         0
     94/99     2.62G      1.29     0.452         0      1.74        54       416     0.832     0.441     0.508     0.576      2.47     0.932         0
     95/99     2.62G      1.29     0.455         0      1.75        51       416     0.831     0.438     0.507     0.573      2.47     0.936         0
     96/99     2.62G      1.29     0.451         0      1.74        64       416     0.835     0.439     0.508     0.576      2.47     0.938         0
     97/99     2.62G      1.28     0.457         0      1.74        48       416     0.831     0.439     0.507     0.574      2.47     0.935         0
     98/99     2.62G      1.29     0.451         0      1.74        52       416     0.834      0.44     0.508     0.576      2.47     0.935         0
     99/99     2.62G      1.29     0.455         0      1.74        53       416     0.834      0.44     0.534     0.576      2.47     0.936         0
